_house1_TILEMAP:
integer 22
integer 16
integer 40, 40, 40, 40, 40, 40, 40, 40, 40, 40, 40, 40, 40, 40, 40, 40, 40, 40, 40, 40, 40, 40
integer 40, 40, 40, 40, 40, 40, 40, 40, 40, 40, 40, 40, 40, 40, 40, 40, 40, 40, 40, 40, 40, 40
integer 40, 40, 40, 40, 40, 40, 40, 40, 40, 40, 40, 40, 40, 40, 40, 40, 40, 40, 40, 40, 40, 40
integer 40, 40, 40, 40, 40, 40, 40, 40, 40, 40, 40, 40, 40, 40, 40, 40, 40, 40, 40, 40, 40, 40
integer 40, 40, 40, 40, 40, 40, 40, 40, 40, 40, 40, 40, 40, 40, 40, 40, 40, 40, 40, 40, 40, 40
integer 40, 40, 40, 40, 40, 40, 24, 24, 24, 24, 24, 24, 24, 24, 24, 24, 40, 40, 40, 40, 40, 40
integer 40, 40, 40, 40, 40, 40, 36, 36, 36, 36, 36, 36, 36, 36, 36, 36, 40, 40, 40, 40, 40, 40
integer 40, 40, 40, 40, 40, 40, 36, 38, 37, 38, 36, 36, 39, 39, 39, 36, 40, 40, 40, 40, 40, 40
integer 40, 40, 40, 40, 40, 40, 36, 36, 36, 36, 36, 36, 39, 39, 39, 36, 40, 40, 40, 40, 40, 40
integer 40, 40, 40, 40, 40, 40, 36, 36, 36, 36, 36, 36, 36, 36, 36, 36, 40, 40, 40, 40, 40, 40
integer 40, 40, 40, 40, 40, 40, 36, 36, 39, 36, 36, 36, 36, 36, 36, 36, 40, 40, 40, 40, 40, 40
integer 40, 40, 40, 40, 40, 40, 40, 40, 40, 40, 40, 40, 40, 40, 40, 40, 40, 40, 40, 40, 40, 40
integer 40, 40, 40, 40, 40, 40, 40, 40, 40, 40, 40, 40, 40, 40, 40, 40, 40, 40, 40, 40, 40, 40
integer 40, 40, 40, 40, 40, 40, 40, 40, 40, 40, 40, 40, 40, 40, 40, 40, 40, 40, 40, 40, 40, 40
integer 40, 40, 40, 40, 40, 40, 40, 40, 40, 40, 40, 40, 40, 40, 40, 40, 40, 40, 40, 40, 40, 40
integer 40, 40, 40, 40, 40, 40, 40, 40, 40, 40, 40, 40, 40, 40, 40, 40, 40, 40, 40, 40, 40, 40

_house1_COLLISIONMAP:
integer 1
integer 0
integer 1,  1,  1,  1,  1,  1,  1,  1,  1,  1,  1,  1,  1,  1,  1,  1,  1,  1,  1,  1,  1,  1
integer 1,  1,  1,  1,  1,  1,  1,  1,  1,  1,  1,  1,  1,  1,  1,  1,  1,  1,  1,  1,  1,  1
integer 1,  1,  1,  1,  1,  1,  1,  1,  1,  1,  1,  1,  1,  1,  1,  1,  1,  1,  1,  1,  1,  1
integer 1,  1,  1,  1,  1,  1,  1,  1,  1,  1,  1,  1,  1,  1,  1,  1,  1,  1,  1,  1,  1,  1
integer 1,  1,  1,  1,  1,  1,  1,  1,  1,  1,  1,  1,  1,  1,  1,  1,  1,  1,  1,  1,  1,  1
integer 1,  1,  1,  1,  1,  1,  1,  1,  1,  1,  1,  1,  1,  1,  1,  1,  1,  1,  1,  1,  1,  1
integer 1,  1,  1,  1,  1,  1,  0,  0,  0,  0,  0,  0,  0,  0,  0,  0,  1,  1,  1,  1,  1,  1
integer 1,  1,  1,  1,  1,  1,  0,  1,  1,  1,  0,  0,  0,  0,  0,  0,  1,  1,  1,  1,  1,  1
integer 1,  1,  1,  1,  1,  1,  0,  0,  0,  0,  0,  0,  0,  0,  0,  0,  1,  1,  1,  1,  1,  1
integer 1,  1,  1,  1,  1,  1,  0,  0,  0,  0,  0,  0,  0,  0,  0,  0,  1,  1,  1,  1,  1,  1
integer 1,  1,  1,  1,  1,  1,  0,  0, 10,  0,  0,  0,  0,  0,  0,  0,  1,  1,  1,  1,  1,  1
integer 1,  1,  1,  1,  1,  1,  1,  1,  1,  1,  1,  1,  1,  1,  1,  1,  1,  1,  1,  1,  1,  1
integer 1,  1,  1,  1,  1,  1,  1,  1,  1,  1,  1,  1,  1,  1,  1,  1,  1,  1,  1,  1,  1,  1
integer 1,  1,  1,  1,  1,  1,  1,  1,  1,  1,  1,  1,  1,  1,  1,  1,  1,  1,  1,  1,  1,  1
integer 1,  1,  1,  1,  1,  1,  1,  1,  1,  1,  1,  1,  1,  1,  1,  1,  1,  1,  1,  1,  1,  1
integer 1,  1,  1,  1,  1,  1,  1,  1,  1,  1,  1,  1,  1,  1,  1,  1,  1,  1,  1,  1,  1,  1

_house2_TILEMAP:
integer 22
integer 16
integer 40, 40, 40, 40, 40, 40, 40, 40, 40, 40, 40, 40, 40, 40, 40, 40, 40, 40, 40, 40, 40, 40
integer 40, 40, 40, 40, 40, 40, 40, 40, 40, 40, 40, 40, 40, 40, 40, 40, 40, 40, 40, 40, 40, 40
integer 40, 40, 40, 40, 40, 40, 40, 40, 40, 40, 40, 40, 40, 40, 40, 40, 40, 40, 40, 40, 40, 40
integer 40, 40, 40, 40, 40, 40, 40, 40, 40, 40, 40, 40, 40, 40, 40, 40, 40, 40, 40, 40, 40, 40
integer 40, 40, 40, 40, 40, 40, 40, 40, 40, 40, 40, 40, 40, 40, 40, 40, 40, 40, 40, 40, 40, 40
integer 40, 40, 40, 40, 40, 40, 24, 24, 24, 24, 24, 24, 24, 24, 24, 24, 40, 40, 40, 40, 40, 40
integer 40, 40, 40, 40, 40, 40, 36, 36, 36, 36, 36, 36, 36, 36, 36, 36, 40, 40, 40, 40, 40, 40
integer 40, 40, 40, 40, 40, 40, 36, 39, 39, 39, 36, 36, 36, 36, 36, 36, 40, 40, 40, 40, 40, 40
integer 40, 40, 40, 40, 40, 40, 36, 39, 39, 39, 36, 38, 37, 38, 36, 36, 40, 40, 40, 40, 40, 40
integer 40, 40, 40, 40, 40, 40, 36, 36, 36, 36, 36, 36, 36, 36, 36, 36, 40, 40, 40, 40, 40, 40
integer 40, 40, 40, 40, 40, 40, 36, 36, 39, 36, 36, 36, 36, 36, 36, 36, 40, 40, 40, 40, 40, 40
integer 40, 40, 40, 40, 40, 40, 40, 40, 40, 40, 40, 40, 40, 40, 40, 40, 40, 40, 40, 40, 40, 40
integer 40, 40, 40, 40, 40, 40, 40, 40, 40, 40, 40, 40, 40, 40, 40, 40, 40, 40, 40, 40, 40, 40
integer 40, 40, 40, 40, 40, 40, 40, 40, 40, 40, 40, 40, 40, 40, 40, 40, 40, 40, 40, 40, 40, 40
integer 40, 40, 40, 40, 40, 40, 40, 40, 40, 40, 40, 40, 40, 40, 40, 40, 40, 40, 40, 40, 40, 40
integer 40, 40, 40, 40, 40, 40, 40, 40, 40, 40, 40, 40, 40, 40, 40, 40, 40, 40, 40, 40, 40, 40

_house1_COLLISIONMAP:
integer 1
integer 0
integer 1,  1,  1,  1,  1,  1,  1,  1,  1,  1,  1,  1,  1,  1,  1,  1,  1,  1,  1,  1,  1,  1
integer 1,  1,  1,  1,  1,  1,  1,  1,  1,  1,  1,  1,  1,  1,  1,  1,  1,  1,  1,  1,  1,  1
integer 1,  1,  1,  1,  1,  1,  1,  1,  1,  1,  1,  1,  1,  1,  1,  1,  1,  1,  1,  1,  1,  1
integer 1,  1,  1,  1,  1,  1,  1,  1,  1,  1,  1,  1,  1,  1,  1,  1,  1,  1,  1,  1,  1,  1
integer 1,  1,  1,  1,  1,  1,  1,  1,  1,  1,  1,  1,  1,  1,  1,  1,  1,  1,  1,  1,  1,  1
integer 1,  1,  1,  1,  1,  1,  1,  1,  1,  1,  1,  1,  1,  1,  1,  1,  1,  1,  1,  1,  1,  1
integer 1,  1,  1,  1,  1,  1,  0,  0,  0,  0,  0,  0,  0,  0,  0,  0,  1,  1,  1,  1,  1,  1
integer 1,  1,  1,  1,  1,  1,  0,  0,  0,  0,  0,  0,  0,  0,  0,  0,  1,  1,  1,  1,  1,  1
integer 1,  1,  1,  1,  1,  1,  0,  0,  0,  0,  0,  1,  1,  1,  0,  0,  1,  1,  1,  1,  1,  1
integer 1,  1,  1,  1,  1,  1,  0,  0,  0,  0,  0,  0,  0,  0,  0,  0,  1,  1,  1,  1,  1,  1
integer 1,  1,  1,  1,  1,  1,  0,  0, 10,  0,  0,  0,  0,  0,  0,  0,  1,  1,  1,  1,  1,  1
integer 1,  1,  1,  1,  1,  1,  1,  1,  1,  1,  1,  1,  1,  1,  1,  1,  1,  1,  1,  1,  1,  1
integer 1,  1,  1,  1,  1,  1,  1,  1,  1,  1,  1,  1,  1,  1,  1,  1,  1,  1,  1,  1,  1,  1
integer 1,  1,  1,  1,  1,  1,  1,  1,  1,  1,  1,  1,  1,  1,  1,  1,  1,  1,  1,  1,  1,  1
integer 1,  1,  1,  1,  1,  1,  1,  1,  1,  1,  1,  1,  1,  1,  1,  1,  1,  1,  1,  1,  1,  1
integer 1,  1,  1,  1,  1,  1,  1,  1,  1,  1,  1,  1,  1,  1,  1,  1,  1,  1,  1,  1,  1,  1

_gym_TILEMAP:
integer 23
integer 16
integer 40, 40, 40, 40, 40, 40, 40, 40, 40, 40, 40, 40, 40, 40, 40, 40, 40, 40, 40, 40, 40, 40, 40
integer 40, 40, 40, 40, 40, 40, 40, 40, 40, 40, 40, 40, 40, 40, 40, 40, 40, 40, 40, 40, 40, 40, 40
integer 40, 40, 40, 40, 40, 40, 40, 40, 40, 40, 40, 40, 40, 40, 40, 40, 40, 40, 40, 40, 40, 40, 40
integer 40, 40, 40, 40, 40, 40, 40, 40, 40, 40, 40, 40, 40, 40, 40, 40, 40, 40, 40, 40, 40, 40, 40
integer 40, 40, 40, 40, 40, 40, 40, 40, 40, 40, 40, 40, 40, 40, 40, 40, 40, 40, 40, 40, 40, 40, 40
integer 40, 40, 40, 40, 40, 40, 36, 36, 36, 24, 24, 24, 24, 24, 36, 36, 36, 40, 40, 40, 40, 40, 40
integer 40, 40, 40, 40, 40, 40, 36, 36, 36, 36, 24, 24, 24, 36, 36, 36, 36, 40, 40, 40, 40, 40, 40
integer 40, 40, 40, 40, 40, 40, 36, 36, 36, 36, 36, 36, 36, 36, 36, 36, 36, 40, 40, 40, 40, 40, 40
integer 40, 40, 40, 40, 40, 40, 36, 36, 36, 36, 36, 36, 36, 36, 36, 36, 36, 40, 40, 40, 40, 40, 40
integer 40, 40, 40, 40, 40, 40, 36, 36, 36, 36, 36, 36, 36, 36, 36, 36, 36, 40, 40, 40, 40, 40, 40
integer 40, 40, 40, 40, 40, 40, 36, 36, 36, 36, 39, 39, 39, 36, 36, 36, 36, 40, 40, 40, 40, 40, 40
integer 40, 40, 40, 40, 40, 40, 40, 40, 40, 40, 40, 40, 40, 40, 40, 40, 40, 40, 40, 40, 40, 40, 40
integer 40, 40, 40, 40, 40, 40, 40, 40, 40, 40, 40, 40, 40, 40, 40, 40, 40, 40, 40, 40, 40, 40, 40
integer 40, 40, 40, 40, 40, 40, 40, 40, 40, 40, 40, 40, 40, 40, 40, 40, 40, 40, 40, 40, 40, 40, 40
integer 40, 40, 40, 40, 40, 40, 40, 40, 40, 40, 40, 40, 40, 40, 40, 40, 40, 40, 40, 40, 40, 40, 40
integer 40, 40, 40, 40, 40, 40, 40, 40, 40, 40, 40, 40, 40, 40, 40, 40, 40, 40, 40, 40, 40, 40, 40

_house1_COLLISIONMAP:
integer 1
integer 0
integer 1,  1,  1,  1,  1,  1,  1,  1,  1,  1,  1,  1,  1,  1,  1,  1,  1,  1,  1,  1,  1,  1,  1
integer 1,  1,  1,  1,  1,  1,  1,  1,  1,  1,  1,  1,  1,  1,  1,  1,  1,  1,  1,  1,  1,  1,  1
integer 1,  1,  1,  1,  1,  1,  1,  1,  1,  1,  1,  1,  1,  1,  1,  1,  1,  1,  1,  1,  1,  1,  1
integer 1,  1,  1,  1,  1,  1,  1,  1,  1,  1,  1,  1,  1,  1,  1,  1,  1,  1,  1,  1,  1,  1,  1
integer 1,  1,  1,  1,  1,  1,  1,  1,  1,  1,  1,  1,  1,  1,  1,  1,  1,  1,  1,  1,  1,  1,  1
integer 1,  1,  1,  1,  1,  1,  1,  1,  1,  1,  1,  1,  1,  1,  1,  1,  1,  1,  1,  1,  1,  1,  1
integer 1,  1,  1,  1,  1,  1,  0,  0,  0,  0,  0,  0,  0,  0,  0,  0,  0,  1,  1,  1,  1,  1,  1
integer 1,  1,  1,  1,  1,  1,  0,  0,  0,  0,  0,  0,  0,  0,  0,  0,  0,  1,  1,  1,  1,  1,  1
integer 1,  1,  1,  1,  1,  1,  0,  0,  0,  0,  0,  0,  0,  0,  0,  0,  0,  1,  1,  1,  1,  1,  1
integer 1,  1,  1,  1,  1,  1,  0,  0,  0,  0,  0,  0,  0,  0,  0,  0,  0,  1,  1,  1,  1,  1,  1
integer 1,  1,  1,  1,  1,  1,  0,  0,  0,  0,  0, 10,  0,  0,  0,  0,  0,  1,  1,  1,  1,  1,  1
integer 1,  1,  1,  1,  1,  1,  1,  1,  1,  1,  1,  1,  1,  1,  1,  1,  1,  1,  1,  1,  1,  1,  1
integer 1,  1,  1,  1,  1,  1,  1,  1,  1,  1,  1,  1,  1,  1,  1,  1,  1,  1,  1,  1,  1,  1,  1
integer 1,  1,  1,  1,  1,  1,  1,  1,  1,  1,  1,  1,  1,  1,  1,  1,  1,  1,  1,  1,  1,  1,  1
integer 1,  1,  1,  1,  1,  1,  1,  1,  1,  1,  1,  1,  1,  1,  1,  1,  1,  1,  1,  1,  1,  1,  1
integer 1,  1,  1,  1,  1,  1,  1,  1,  1,  1,  1,  1,  1,  1,  1,  1,  1,  1,  1,  1,  1,  1,  1





